7
0 67 27 17 0 0 47
67 0 0 16 0 56 46
27 0 0 12 23 0 24
17 16 12 0 13 15 0
0 0 23 13 0 35 0
0 56 0 15 35 0 0
47 46 24 0 0 0 0